D:\test_sotu\keras-yolo3/VOCdevkit/VOC2007/JPEGImages/000010.jpg 47,154,988,466,0,0.9889244437217712
D:\test_sotu\keras-yolo3/VOCdevkit/VOC2007/JPEGImages/000014.jpg 0,390,784,1070,0,0.9827601909637451
D:\test_sotu\keras-yolo3/VOCdevkit/VOC2007/JPEGImages/000029.jpg 79,259,896,455,0,0.9868796467781067
D:\test_sotu\keras-yolo3/VOCdevkit/VOC2007/JPEGImages/000035.jpg 222,0,1170,699,0,0.925542950630188
D:\test_sotu\keras-yolo3/VOCdevkit/VOC2007/JPEGImages/000039.jpg 93,99,575,277,0,0.9978749752044678
D:\test_sotu\keras-yolo3/VOCdevkit/VOC2007/JPEGImages/000043.jpg 301,117,419,324,0,0.597793698310852
D:\test_sotu\keras-yolo3/VOCdevkit/VOC2007/JPEGImages/000045.jpg 109,135,955,904,0,0.984544575214386
D:\test_sotu\keras-yolo3/VOCdevkit/VOC2007/JPEGImages/000046.jpg 0,171,800,377,0,0.9990704655647278
D:\test_sotu\keras-yolo3/VOCdevkit/VOC2007/JPEGImages/000048.jpg 88,169,940,387,0,0.9990012645721436
D:\test_sotu\keras-yolo3/VOCdevkit/VOC2007/JPEGImages/000050.jpg 20,7,247,215,0,0.8750095963478088 157,112,318,274,0,0.9564764499664307
D:\test_sotu\keras-yolo3/VOCdevkit/VOC2007/JPEGImages/000063.jpg 72,146,345,217,0,0.9846611618995667 57,26,265,140,0,0.9911220073699951
D:\test_sotu\keras-yolo3/VOCdevkit/VOC2007/JPEGImages/000064.jpg 139,54,458,565,0,0.9084480404853821
D:\test_sotu\keras-yolo3/VOCdevkit/VOC2007/JPEGImages/000086.jpg 442,237,593,725,0,0.6898748874664307 225,246,414,754,0,0.7008236050605774 23,218,184,735,0,0.8542031049728394
D:\test_sotu\keras-yolo3/VOCdevkit/VOC2007/JPEGImages/000090.jpg 261,218,1285,1255,0,0.9962816834449768
D:\test_sotu\keras-yolo3/VOCdevkit/VOC2007/JPEGImages/000108.jpg 522,101,834,467,0,0.816008985042572 81,316,471,493,0,0.9737001657485962
D:\test_sotu\keras-yolo3/VOCdevkit/VOC2007/JPEGImages/000119.jpg 209,0,696,212,0,0.5252359509468079 30,49,256,810,0,0.9182904362678528 658,57,898,417,0,0.9417998790740967 337,176,570,828,0,0.9500136375427246 187,100,394,815,0,0.9700220823287964 482,229,848,834,0,0.9736317992210388
D:\test_sotu\keras-yolo3/VOCdevkit/VOC2007/JPEGImages/000135.jpg 6,33,949,339,0,0.37006738781929016 595,0,932,950,0,0.9845452904701233 70,96,895,706,0,0.9889469146728516
D:\test_sotu\keras-yolo3/VOCdevkit/VOC2007/JPEGImages/000137.jpg 239,183,637,349,0,0.6852879524230957 306,258,609,365,0,0.9812461137771606 185,134,589,300,0,0.9961897134780884 59,74,543,231,0,0.9986304640769958
D:\test_sotu\keras-yolo3/VOCdevkit/VOC2007/JPEGImages/000144.jpg 33,38,499,421,0,0.9706321358680725
D:\test_sotu\keras-yolo3/VOCdevkit/VOC2007/JPEGImages/000151.jpg 156,562,267,999,0,0.9218370318412781
D:\test_sotu\keras-yolo3/VOCdevkit/VOC2007/JPEGImages/000154.jpg 1032,105,1684,964,0,0.9572468400001526 586,149,1613,1133,0,0.9970264434814453
D:\test_sotu\keras-yolo3/VOCdevkit/VOC2007/JPEGImages/000164.jpg 146,142,517,235,0,0.9543377757072449
D:\test_sotu\keras-yolo3/VOCdevkit/VOC2007/JPEGImages/000166.jpg 1,8,750,541,0,0.9739623069763184
D:\test_sotu\keras-yolo3/VOCdevkit/VOC2007/JPEGImages/000170.jpg 422,90,671,701,0,0.827476441860199
D:\test_sotu\keras-yolo3/VOCdevkit/VOC2007/JPEGImages/000177.jpg 83,205,963,593,0,0.9840421676635742
D:\test_sotu\keras-yolo3/VOCdevkit/VOC2007/JPEGImages/000182.jpg 30,80,944,444,1,0.35479670763015747
D:\test_sotu\keras-yolo3/VOCdevkit/VOC2007/JPEGImages/000185.jpg 98,237,726,1009,0,0.997685432434082
D:\test_sotu\keras-yolo3/VOCdevkit/VOC2007/JPEGImages/000189.jpg 64,63,536,379,0,0.9293398261070251
D:\test_sotu\keras-yolo3/VOCdevkit/VOC2007/JPEGImages/000192.jpg 545,581,798,854,0,0.6784533262252808 4,0,399,534,0,0.9608779549598694
D:\test_sotu\keras-yolo3/VOCdevkit/VOC2007/JPEGImages/000199.jpg 125,73,505,352,0,0.9986827969551086
D:\test_sotu\keras-yolo3/VOCdevkit/VOC2007/JPEGImages/000200.jpg 332,206,372,399,0,0.3996049165725708 216,177,301,450,0,0.4036029875278473 4,170,193,385,0,0.42740166187286377 361,199,404,399,0,0.49522271752357483 296,184,364,423,0,0.6606690287590027 592,127,799,301,0,0.8600284457206726 315,140,528,331,0,0.9184815287590027 445,172,736,365,0,0.9730504751205444
D:\test_sotu\keras-yolo3/VOCdevkit/VOC2007/JPEGImages/000208.jpg 9,33,605,368,0,0.9530757069587708
D:\test_sotu\keras-yolo3/VOCdevkit/VOC2007/JPEGImages/000214.jpg 44,387,1231,577,0,0.8587007522583008
D:\test_sotu\keras-yolo3/VOCdevkit/VOC2007/JPEGImages/000223.jpg 118,63,530,463,0,0.96417236328125
D:\test_sotu\keras-yolo3/VOCdevkit/VOC2007/JPEGImages/000226.jpg 390,404,538,1062,0,0.34162434935569763 120,292,457,487,0,0.523723304271698 315,538,609,925,0,0.6189942359924316 236,455,347,1041,0,0.7201043963432312 517,112,645,791,0,0.7808467149734497 152,702,211,1042,0,0.7865987420082092
D:\test_sotu\keras-yolo3/VOCdevkit/VOC2007/JPEGImages/000232.jpg 235,599,285,804,0,0.6850482225418091
D:\test_sotu\keras-yolo3/VOCdevkit/VOC2007/JPEGImages/000239.jpg 25,106,254,206,0,0.9980276823043823
D:\test_sotu\keras-yolo3/VOCdevkit/VOC2007/JPEGImages/000258.jpg 185,0,652,613,0,0.9952796101570129
D:\test_sotu\keras-yolo3/VOCdevkit/VOC2007/JPEGImages/000271.jpg 19,257,270,361,0,0.3987538814544678 59,198,310,318,0,0.9493509531021118
D:\test_sotu\keras-yolo3/VOCdevkit/VOC2007/JPEGImages/000273.jpg 68,56,111,254,0,0.733694851398468 18,38,55,284,0,0.9421722292900085 102,38,190,254,0,0.9982073307037354 162,13,264,272,0,0.998595118522644 221,6,360,294,0,0.9992270469665527
D:\test_sotu\keras-yolo3/VOCdevkit/VOC2007/JPEGImages/000280.jpg 32,262,779,514,0,0.9339240193367004
D:\test_sotu\keras-yolo3/VOCdevkit/VOC2007/JPEGImages/000281.jpg 195,303,600,400,0,0.3750000596046448 55,255,700,367,0,0.6235331296920776 0,351,614,465,0,0.8509026765823364 69,147,647,358,0,0.9812602996826172 11,392,486,511,0,0.9932433366775513 3,263,604,443,0,0.996152937412262
D:\test_sotu\keras-yolo3/VOCdevkit/VOC2007/JPEGImages/000299.jpg 152,224,1778,1099,0,0.9502824544906616
D:\test_sotu\keras-yolo3/VOCdevkit/VOC2007/JPEGImages/000301.jpg 488,60,576,564,0,0.8195238709449768 607,33,698,597,0,0.8447597026824951 359,86,451,542,0,0.859038770198822 880,96,966,523,0,0.88042151927948 223,65,323,592,0,0.8965398669242859 46,130,126,541,0,0.9507336020469666 713,0,805,657,0,0.9670066833496094 807,0,893,648,0,0.9711899161338806 135,35,208,626,0,0.973387598991394
D:\test_sotu\keras-yolo3/VOCdevkit/VOC2007/JPEGImages/000302.jpg 173,172,1801,892,0,0.9948480129241943
D:\test_sotu\keras-yolo3/VOCdevkit/VOC2007/JPEGImages/000313.jpg 262,280,440,821,0,0.4037325382232666 160,386,287,821,0,0.47711992263793945 423,94,605,821,0,0.8601754307746887 582,0,852,821,0,0.9914870858192444
D:\test_sotu\keras-yolo3/VOCdevkit/VOC2007/JPEGImages/000320.jpg 335,145,444,697,0,0.7047814726829529 824,73,936,677,0,0.738264262676239 219,184,313,701,0,0.8609790802001953 639,114,751,707,0,0.9238625764846802 89,257,168,629,0,0.9344987869262695 484,166,580,657,0,0.9562069177627563
D:\test_sotu\keras-yolo3/VOCdevkit/VOC2007/JPEGImages/000321.jpg 16,50,797,747,0,0.9959640502929688
D:\test_sotu\keras-yolo3/VOCdevkit/VOC2007/JPEGImages/000336.jpg 9,182,482,318,1,0.9906285405158997
D:\test_sotu\keras-yolo3/VOCdevkit/VOC2007/JPEGImages/000337.jpg 122,142,332,354,0,0.9945241808891296 25,36,314,342,0,0.9994070529937744
D:\test_sotu\keras-yolo3/VOCdevkit/VOC2007/JPEGImages/000341.jpg 61,133,394,461,0,0.9994891285896301
D:\test_sotu\keras-yolo3/VOCdevkit/VOC2007/JPEGImages/000346.jpg 32,295,713,706,0,0.9830622673034668
D:\test_sotu\keras-yolo3/VOCdevkit/VOC2007/JPEGImages/000353.jpg 129,143,672,284,0,0.3525942862033844
D:\test_sotu\keras-yolo3/VOCdevkit/VOC2007/JPEGImages/000355.jpg 67,51,448,244,0,0.9552615284919739
D:\test_sotu\keras-yolo3/VOCdevkit/VOC2007/JPEGImages/000361.jpg 453,5,524,339,0,0.7989121079444885 255,84,527,417,0,0.9950676560401917 76,170,505,542,0,0.9969929456710815
D:\test_sotu\keras-yolo3/VOCdevkit/VOC2007/JPEGImages/000374.jpg 8,90,346,317,0,0.9674903154373169
D:\test_sotu\keras-yolo3/VOCdevkit/VOC2007/JPEGImages/000376.jpg 195,170,384,290,0,0.38739925622940063 189,49,375,300,0,0.916535496711731 60,12,342,278,0,0.9866898059844971
D:\test_sotu\keras-yolo3/VOCdevkit/VOC2007/JPEGImages/000380.jpg 215,206,271,450,0,0.7702156901359558 158,250,259,357,0,0.9433844089508057 47,147,257,234,0,0.9846261739730835 85,160,272,294,0,0.987753689289093 109,210,257,315,0,0.9925097227096558 29,108,267,195,0,0.995992124080658
D:\test_sotu\keras-yolo3/VOCdevkit/VOC2007/JPEGImages/000388.jpg 401,305,957,507,1,0.9784740209579468
D:\test_sotu\keras-yolo3/VOCdevkit/VOC2007/JPEGImages/000389.jpg 34,37,1002,697,0,0.9827154278755188
D:\test_sotu\keras-yolo3/VOCdevkit/VOC2007/JPEGImages/000391.jpg 77,135,704,673,1,0.49837526679039 34,302,681,728,0,0.7163791656494141
D:\test_sotu\keras-yolo3/VOCdevkit/VOC2007/JPEGImages/000401.jpg 8,0,594,600,0,0.9475845098495483
D:\test_sotu\keras-yolo3/VOCdevkit/VOC2007/JPEGImages/000402.jpg 94,336,979,493,0,0.9359372854232788
D:\test_sotu\keras-yolo3/VOCdevkit/VOC2007/JPEGImages/000407.jpg 191,37,717,789,0,0.9308665990829468
D:\test_sotu\keras-yolo3/VOCdevkit/VOC2007/JPEGImages/000413.jpg 48,137,381,218,0,0.9341462254524231 54,54,374,118,0,0.9378616213798523
D:\test_sotu\keras-yolo3/VOCdevkit/VOC2007/JPEGImages/000414.jpg
D:\test_sotu\keras-yolo3/VOCdevkit/VOC2007/JPEGImages/000416.jpg 28,305,486,510,0,0.3439160883426666 144,156,564,323,0,0.4855889678001404 760,232,998,484,0,0.6507019400596619 131,27,737,332,0,0.7691145539283752 334,0,826,203,0,0.7913955450057983 1,196,388,627,0,0.9367907047271729 587,56,999,419,0,0.946821391582489 396,33,914,330,0,0.9965013265609741
D:\test_sotu\keras-yolo3/VOCdevkit/VOC2007/JPEGImages/000420.jpg 235,236,643,1271,0,0.9815132021903992
D:\test_sotu\keras-yolo3/VOCdevkit/VOC2007/JPEGImages/000427.jpg 312,16,539,1267,0,0.7747499942779541
D:\test_sotu\keras-yolo3/VOCdevkit/VOC2007/JPEGImages/000437.jpg 820,477,1181,648,0,0.44433629512786865 55,427,724,664,0,0.7482361197471619 859,315,1192,513,0,0.8662703037261963 810,66,1152,384,0,0.9214906096458435
D:\test_sotu\keras-yolo3/VOCdevkit/VOC2007/JPEGImages/000441.jpg 11,20,309,102,0,0.9423858523368835 13,98,310,186,0,0.9699018001556396
D:\test_sotu\keras-yolo3/VOCdevkit/VOC2007/JPEGImages/000442.jpg
D:\test_sotu\keras-yolo3/VOCdevkit/VOC2007/JPEGImages/000447.jpg 489,317,1420,1056,0,0.9661651849746704
D:\test_sotu\keras-yolo3/VOCdevkit/VOC2007/JPEGImages/000450.jpg 62,70,235,145,0,0.8686584830284119 68,115,191,155,0,0.917681872844696
D:\test_sotu\keras-yolo3/VOCdevkit/VOC2007/JPEGImages/000451.jpg 139,154,201,247,0,0.3241674602031708 204,144,377,230,0,0.4938150644302368
D:\test_sotu\keras-yolo3/VOCdevkit/VOC2007/JPEGImages/000466.jpg 0,326,756,697,0,0.7856985330581665 40,0,693,608,0,0.9491653442382812
D:\test_sotu\keras-yolo3/VOCdevkit/VOC2007/JPEGImages/000475.jpg 118,480,245,1000,0,0.3267325162887573 55,706,272,915,0,0.350624144077301 219,347,333,991,0,0.5792447924613953 341,302,452,884,0,0.67777419090271 454,179,646,952,0,0.9830284118652344 532,152,944,985,0,0.9989389777183533
D:\test_sotu\keras-yolo3/VOCdevkit/VOC2007/JPEGImages/000476.jpg 31,34,483,271,0,0.9864644408226013
D:\test_sotu\keras-yolo3/VOCdevkit/VOC2007/JPEGImages/000496.jpg 123,138,1136,931,2,0.3957051634788513 148,65,1110,857,0,0.7956737875938416
D:\test_sotu\keras-yolo3/VOCdevkit/VOC2007/JPEGImages/000518.jpg 59,97,1185,661,0,0.933121383190155
D:\test_sotu\keras-yolo3/VOCdevkit/VOC2007/JPEGImages/000523.jpg 68,204,918,449,1,0.49549898505210876 77,234,902,433,0,0.5842547416687012
D:\test_sotu\keras-yolo3/VOCdevkit/VOC2007/JPEGImages/000525.jpg 13,0,377,305,1,0.9974940419197083
D:\test_sotu\keras-yolo3/VOCdevkit/VOC2007/JPEGImages/000529.jpg 67,187,578,323,0,0.9978193044662476
D:\test_sotu\keras-yolo3/VOCdevkit/VOC2007/JPEGImages/000530.jpg 0,490,845,1136,2,0.6009006500244141 0,343,828,977,0,0.3634527027606964
D:\test_sotu\keras-yolo3/VOCdevkit/VOC2007/JPEGImages/000531.jpg 0,78,714,736,0,0.995531439781189
D:\test_sotu\keras-yolo3/VOCdevkit/VOC2007/JPEGImages/000538.jpg 49,66,563,539,0,0.9601621031761169
D:\test_sotu\keras-yolo3/VOCdevkit/VOC2007/JPEGImages/000548.jpg
D:\test_sotu\keras-yolo3/VOCdevkit/VOC2007/JPEGImages/000551.jpg 8,15,979,604,1,0.4482644200325012 10,0,972,589,0,0.8519652485847473
D:\test_sotu\keras-yolo3/VOCdevkit/VOC2007/JPEGImages/000553.jpg 153,69,972,620,0,0.9840070605278015
D:\test_sotu\keras-yolo3/VOCdevkit/VOC2007/JPEGImages/000554.jpg 26,0,275,406,0,0.3993973433971405 249,17,407,411,0,0.9293179512023926
D:\test_sotu\keras-yolo3/VOCdevkit/VOC2007/JPEGImages/000555.jpg 8,39,1905,577,0,0.99058997631073
D:\test_sotu\keras-yolo3/VOCdevkit/VOC2007/JPEGImages/000556.jpg 84,63,515,448,0,0.9635713696479797
D:\test_sotu\keras-yolo3/VOCdevkit/VOC2007/JPEGImages/000563.jpg 82,19,984,680,0,0.9935318231582642
D:\test_sotu\keras-yolo3/VOCdevkit/VOC2007/JPEGImages/000565.jpg 0,68,579,304,0,0.9957023859024048
D:\test_sotu\keras-yolo3/VOCdevkit/VOC2007/JPEGImages/000567.jpg 268,72,1002,788,0,0.9997557997703552
D:\test_sotu\keras-yolo3/VOCdevkit/VOC2007/JPEGImages/000569.jpg 104,78,1260,906,0,0.9911119937896729
D:\test_sotu\keras-yolo3/VOCdevkit/VOC2007/JPEGImages/000584.jpg 3,0,1200,1017,0,0.9961712956428528
D:\test_sotu\keras-yolo3/VOCdevkit/VOC2007/JPEGImages/000585.jpg 238,347,2928,890,0,0.9940573573112488
D:\test_sotu\keras-yolo3/VOCdevkit/VOC2007/JPEGImages/000587.jpg 474,311,1369,1302,0,0.9548053741455078
D:\test_sotu\keras-yolo3/VOCdevkit/VOC2007/JPEGImages/000595.jpg 27,4,2342,1339,0,0.9881088733673096
D:\test_sotu\keras-yolo3/VOCdevkit/VOC2007/JPEGImages/000606.jpg 19,98,595,442,0,0.9989652633666992
D:\test_sotu\keras-yolo3/VOCdevkit/VOC2007/JPEGImages/000607.jpg 29,35,779,774,1,0.4700911343097687 47,95,766,789,0,0.644293487071991
D:\test_sotu\keras-yolo3/VOCdevkit/VOC2007/JPEGImages/000619.jpg
D:\test_sotu\keras-yolo3/VOCdevkit/VOC2007/JPEGImages/000622.jpg 112,197,601,487,1,0.4119676351547241 483,185,819,359,0,0.725736141204834 270,198,738,473,0,0.9877402186393738
D:\test_sotu\keras-yolo3/VOCdevkit/VOC2007/JPEGImages/000625.jpg 59,366,1013,757,0,0.9971997141838074
D:\test_sotu\keras-yolo3/VOCdevkit/VOC2007/JPEGImages/000627.jpg 119,112,141,166,0,0.31710997223854065 204,67,222,181,0,0.4145832359790802 147,91,164,177,0,0.5019420981407166 104,96,119,189,0,0.6987631320953369 188,67,217,187,0,0.8012979626655579 73,110,89,187,0,0.8602465987205505 161,77,178,190,0,0.8691095113754272 227,45,255,193,0,0.8802046179771423 342,0,381,224,0,0.8876749873161316 15,116,30,204,0,0.8991484642028809 86,99,103,197,0,0.9024274945259094 264,6,292,220,0,0.9379957318305969 131,86,147,186,0,0.9584203958511353 119,85,135,194,0,0.9621272683143616 30,116,44,202,0,0.9683015942573547 300,0,330,222,0,0.969431459903717 57,107,73,195,0,0.9736500978469849 45,112,60,198,0,0.9779208898544312
D:\test_sotu\keras-yolo3/VOCdevkit/VOC2007/JPEGImages/000633.jpg 110,100,932,491,0,0.9982911944389343
D:\test_sotu\keras-yolo3/VOCdevkit/VOC2007/JPEGImages/000638.jpg
D:\test_sotu\keras-yolo3/VOCdevkit/VOC2007/JPEGImages/000644.jpg 37,44,495,242,0,0.9877169132232666
D:\test_sotu\keras-yolo3/VOCdevkit/VOC2007/JPEGImages/000657.jpg 97,183,166,608,0,0.5822606086730957
D:\test_sotu\keras-yolo3/VOCdevkit/VOC2007/JPEGImages/000658.jpg 12,19,228,221,0,0.9429041147232056
D:\test_sotu\keras-yolo3/VOCdevkit/VOC2007/JPEGImages/000664.jpg 57,66,975,576,1,0.538579523563385 44,29,976,541,0,0.5148587822914124
D:\test_sotu\keras-yolo3/VOCdevkit/VOC2007/JPEGImages/000666.jpg 41,53,395,226,1,0.4640354514122009 27,34,394,218,0,0.5451927185058594
D:\test_sotu\keras-yolo3/VOCdevkit/VOC2007/JPEGImages/000679.jpg 0,5,674,608,0,0.9828255772590637
D:\test_sotu\keras-yolo3/VOCdevkit/VOC2007/JPEGImages/000681.jpg 118,32,179,247,0,0.33271005749702454
D:\test_sotu\keras-yolo3/VOCdevkit/VOC2007/JPEGImages/000689.jpg 97,32,147,258,0,0.45641541481018066 58,57,97,251,0,0.46015286445617676 34,82,74,253,0,0.49020177125930786 18,121,93,215,0,0.7289051413536072 140,10,204,286,0,0.9892196655273438 165,2,283,297,0,0.9950936436653137
D:\test_sotu\keras-yolo3/VOCdevkit/VOC2007/JPEGImages/000690.jpg 5,128,977,298,0,0.9821250438690186
D:\test_sotu\keras-yolo3/VOCdevkit/VOC2007/JPEGImages/000693.jpg 449,300,719,607,0,0.34090888500213623
D:\test_sotu\keras-yolo3/VOCdevkit/VOC2007/JPEGImages/000700.jpg 325,740,383,1124,0,0.3420277535915375 827,96,886,346,0,0.3812648057937622 632,633,785,1226,0,0.39893344044685364 527,637,685,1232,0,0.41267910599708557 226,742,284,1099,0,0.43132224678993225 126,717,181,1041,0,0.5066600441932678 248,0,378,661,0,0.5281772017478943 72,58,134,405,0,0.5831971168518066 392,704,503,1217,0,0.6175608038902283 576,36,628,540,0,0.7182613015174866 458,26,568,608,0,0.7931174635887146 333,0,452,674,0,0.7946216464042664 872,60,934,369,0,0.8112837076187134 672,60,729,473,0,0.8282708525657654 145,0,267,529,0,0.8550146818161011 780,49,835,425,0,0.8805251717567444
D:\test_sotu\keras-yolo3/VOCdevkit/VOC2007/JPEGImages/000708.jpg 303,552,820,675,0,0.9305397272109985 75,160,991,346,0,0.9319098591804504 213,360,853,513,0,0.9592232704162598
D:\test_sotu\keras-yolo3/VOCdevkit/VOC2007/JPEGImages/000711.jpg 124,62,578,953,0,0.999776303768158
D:\test_sotu\keras-yolo3/VOCdevkit/VOC2007/JPEGImages/000723.jpg 59,51,431,180,0,0.9856191277503967
D:\test_sotu\keras-yolo3/VOCdevkit/VOC2007/JPEGImages/000735.jpg 43,34,314,99,0,0.9934266209602356
D:\test_sotu\keras-yolo3/VOCdevkit/VOC2007/JPEGImages/000736.jpg 281,21,628,1309,0,0.9895775318145752
D:\test_sotu\keras-yolo3/VOCdevkit/VOC2007/JPEGImages/000738.jpg 101,75,522,918,0,0.8815704584121704
D:\test_sotu\keras-yolo3/VOCdevkit/VOC2007/JPEGImages/000748.jpg 549,98,814,315,1,0.35974088311195374 377,264,900,643,1,0.9954460263252258
D:\test_sotu\keras-yolo3/VOCdevkit/VOC2007/JPEGImages/000749.jpg 67,37,578,349,1,0.5619668364524841 61,69,553,381,0,0.5637667775154114
D:\test_sotu\keras-yolo3/VOCdevkit/VOC2007/JPEGImages/000754.jpg 385,171,475,451,0,0.4564308822154999 732,78,828,530,0,0.8686475157737732
D:\test_sotu\keras-yolo3/VOCdevkit/VOC2007/JPEGImages/000765.jpg 103,214,614,301,1,0.37777745723724365 103,214,614,301,0,0.6681206226348877
D:\test_sotu\keras-yolo3/VOCdevkit/VOC2007/JPEGImages/000767.jpg 147,283,960,1216,0,0.9190250635147095
D:\test_sotu\keras-yolo3/VOCdevkit/VOC2007/JPEGImages/000775.jpg 903,87,1167,813,1,0.8360317349433899
D:\test_sotu\keras-yolo3/VOCdevkit/VOC2007/JPEGImages/000777.jpg 28,69,682,764,0,0.9991112351417542
D:\test_sotu\keras-yolo3/VOCdevkit/VOC2007/JPEGImages/000778.jpg 529,142,717,642,0,0.9946476817131042 112,171,542,755,0,0.997542679309845 331,158,626,729,0,0.9989945292472839
D:\test_sotu\keras-yolo3/VOCdevkit/VOC2007/JPEGImages/000786.jpg
D:\test_sotu\keras-yolo3/VOCdevkit/VOC2007/JPEGImages/000794.jpg 47,196,555,339,0,0.9978675842285156
D:\test_sotu\keras-yolo3/VOCdevkit/VOC2007/JPEGImages/000795.jpg
D:\test_sotu\keras-yolo3/VOCdevkit/VOC2007/JPEGImages/000797.jpg 162,181,765,329,0,0.3304428160190582 12,16,626,273,0,0.701343834400177 8,233,624,507,0,0.972211480140686
D:\test_sotu\keras-yolo3/VOCdevkit/VOC2007/JPEGImages/000802.jpg 2,51,634,257,0,0.9919918775558472
D:\test_sotu\keras-yolo3/VOCdevkit/VOC2007/JPEGImages/000809.jpg 151,613,1771,1070,0,0.8864145278930664
D:\test_sotu\keras-yolo3/VOCdevkit/VOC2007/JPEGImages/000820.jpg 95,16,383,411,0,0.9996784329414368
D:\test_sotu\keras-yolo3/VOCdevkit/VOC2007/JPEGImages/000827.jpg 238,337,1473,865,1,0.7166430354118347 255,352,1537,830,0,0.6818541288375854
D:\test_sotu\keras-yolo3/VOCdevkit/VOC2007/JPEGImages/000834.jpg 335,253,469,1067,0,0.8852616548538208
D:\test_sotu\keras-yolo3/VOCdevkit/VOC2007/JPEGImages/000838.jpg 113,236,1155,572,0,0.8845175504684448
D:\test_sotu\keras-yolo3/VOCdevkit/VOC2007/JPEGImages/000843.jpg 9,37,626,439,0,0.9950124025344849
D:\test_sotu\keras-yolo3/VOCdevkit/VOC2007/JPEGImages/000853.jpg 58,0,606,435,1,0.9867326617240906
D:\test_sotu\keras-yolo3/VOCdevkit/VOC2007/JPEGImages/000866.jpg 164,139,781,546,1,0.997409999370575
D:\test_sotu\keras-yolo3/VOCdevkit/VOC2007/JPEGImages/000875.jpg 4,168,800,608,1,0.9963580369949341
D:\test_sotu\keras-yolo3/VOCdevkit/VOC2007/JPEGImages/000876.jpg 83,54,183,103,0,0.5083100199699402 24,72,159,125,0,0.8844453692436218 89,27,249,98,0,0.9025579690933228
D:\test_sotu\keras-yolo3/VOCdevkit/VOC2007/JPEGImages/000882.jpg
D:\test_sotu\keras-yolo3/VOCdevkit/VOC2007/JPEGImages/000888.jpg 42,117,634,911,1,0.9998812675476074
D:\test_sotu\keras-yolo3/VOCdevkit/VOC2007/JPEGImages/000891.jpg 132,131,1090,904,1,0.9970236420631409
D:\test_sotu\keras-yolo3/VOCdevkit/VOC2007/JPEGImages/000896.jpg 200,18,886,689,1,0.9946234226226807
D:\test_sotu\keras-yolo3/VOCdevkit/VOC2007/JPEGImages/000900.jpg 911,233,1642,1057,1,0.9582521915435791 271,254,1116,1188,1,0.9935842156410217 981,288,1700,996,0,0.3867318034172058
D:\test_sotu\keras-yolo3/VOCdevkit/VOC2007/JPEGImages/000908.jpg 14,1,617,626,1,0.9981353878974915
D:\test_sotu\keras-yolo3/VOCdevkit/VOC2007/JPEGImages/000909.jpg 164,38,336,114,1,0.36510729789733887 266,179,444,273,1,0.5769656896591187 229,25,441,187,1,0.6008545160293579 7,119,177,274,1,0.6981008052825928 22,70,206,149,1,0.8949593901634216
D:\test_sotu\keras-yolo3/VOCdevkit/VOC2007/JPEGImages/000913.jpg 116,208,750,627,1,0.98673415184021
D:\test_sotu\keras-yolo3/VOCdevkit/VOC2007/JPEGImages/000918.jpg 64,88,890,608,1,0.9982621073722839
D:\test_sotu\keras-yolo3/VOCdevkit/VOC2007/JPEGImages/000927.jpg 0,77,729,268,1,0.9357165098190308
D:\test_sotu\keras-yolo3/VOCdevkit/VOC2007/JPEGImages/000928.jpg 30,60,1011,491,1,0.9978489875793457
D:\test_sotu\keras-yolo3/VOCdevkit/VOC2007/JPEGImages/000935.jpg 33,42,337,493,1,0.3516635596752167
D:\test_sotu\keras-yolo3/VOCdevkit/VOC2007/JPEGImages/000942.jpg 223,454,588,747,1,0.6932191848754883 379,91,683,449,1,0.9170436859130859 87,136,374,497,1,0.9918422698974609
D:\test_sotu\keras-yolo3/VOCdevkit/VOC2007/JPEGImages/000951.jpg 14,18,381,387,1,0.9986675977706909
D:\test_sotu\keras-yolo3/VOCdevkit/VOC2007/JPEGImages/000955.jpg 126,0,1023,942,1,0.46290919184684753 12,0,871,816,0,0.9399315118789673
D:\test_sotu\keras-yolo3/VOCdevkit/VOC2007/JPEGImages/000960.jpg 10,114,709,470,1,0.991493284702301
D:\test_sotu\keras-yolo3/VOCdevkit/VOC2007/JPEGImages/000961.jpg 26,94,917,627,1,0.8352247476577759
D:\test_sotu\keras-yolo3/VOCdevkit/VOC2007/JPEGImages/000971.jpg 88,40,532,478,1,0.9751731753349304
D:\test_sotu\keras-yolo3/VOCdevkit/VOC2007/JPEGImages/000979.jpg 695,120,966,1046,1,0.3421745002269745 37,108,943,957,1,0.9995190501213074
D:\test_sotu\keras-yolo3/VOCdevkit/VOC2007/JPEGImages/000981.jpg 0,89,875,569,1,0.9191413521766663
D:\test_sotu\keras-yolo3/VOCdevkit/VOC2007/JPEGImages/000982.jpg 61,79,1279,666,1,0.30781102180480957 61,79,1279,666,0,0.499350368976593
D:\test_sotu\keras-yolo3/VOCdevkit/VOC2007/JPEGImages/000987.jpg 39,155,659,475,1,0.814581036567688 236,332,959,587,1,0.9703373908996582
D:\test_sotu\keras-yolo3/VOCdevkit/VOC2007/JPEGImages/000991.jpg 9,7,214,213,0,0.9272040724754333
D:\test_sotu\keras-yolo3/VOCdevkit/VOC2007/JPEGImages/001000.jpg 202,53,357,435,1,0.9897403717041016
D:\test_sotu\keras-yolo3/VOCdevkit/VOC2007/JPEGImages/001006.jpg 69,121,924,876,1,0.9995515942573547
D:\test_sotu\keras-yolo3/VOCdevkit/VOC2007/JPEGImages/001009.jpg 23,7,501,322,1,0.8430213332176208
D:\test_sotu\keras-yolo3/VOCdevkit/VOC2007/JPEGImages/001011.jpg 231,170,466,843,1,0.9824363589286804
D:\test_sotu\keras-yolo3/VOCdevkit/VOC2007/JPEGImages/001016.jpg 45,0,513,526,1,0.9061553478240967 319,42,1000,651,1,0.9901466965675354
D:\test_sotu\keras-yolo3/VOCdevkit/VOC2007/JPEGImages/001024.jpg 0,378,1500,1130,1,0.9896439909934998
D:\test_sotu\keras-yolo3/VOCdevkit/VOC2007/JPEGImages/001029.jpg 150,60,926,631,1,0.9986910820007324
D:\test_sotu\keras-yolo3/VOCdevkit/VOC2007/JPEGImages/001035.jpg
D:\test_sotu\keras-yolo3/VOCdevkit/VOC2007/JPEGImages/001039.jpg 92,139,337,557,1,0.9877723455429077 239,87,576,522,1,0.9977325201034546
D:\test_sotu\keras-yolo3/VOCdevkit/VOC2007/JPEGImages/001054.jpg 111,82,582,420,1,0.9982333779335022
D:\test_sotu\keras-yolo3/VOCdevkit/VOC2007/JPEGImages/001088.jpg 2,27,570,473,1,0.9917449951171875
D:\test_sotu\keras-yolo3/VOCdevkit/VOC2007/JPEGImages/001094.jpg 0,211,772,608,1,0.9997033476829529
D:\test_sotu\keras-yolo3/VOCdevkit/VOC2007/JPEGImages/001095.jpg 113,71,1021,675,1,0.9710714817047119
D:\test_sotu\keras-yolo3/VOCdevkit/VOC2007/JPEGImages/001098.jpg 119,141,715,563,1,0.9529898762702942
D:\test_sotu\keras-yolo3/VOCdevkit/VOC2007/JPEGImages/001099.jpg 0,78,586,529,1,0.9919209480285645
D:\test_sotu\keras-yolo3/VOCdevkit/VOC2007/JPEGImages/001111.jpg 8,256,665,1000,1,0.9904709458351135
D:\test_sotu\keras-yolo3/VOCdevkit/VOC2007/JPEGImages/001112.jpg 18,203,366,636,0,0.8093395829200745 62,68,918,563,0,0.819129467010498
D:\test_sotu\keras-yolo3/VOCdevkit/VOC2007/JPEGImages/001117.jpg 190,25,393,121,1,0.375935822725296 17,154,188,233,1,0.620511531829834
D:\test_sotu\keras-yolo3/VOCdevkit/VOC2007/JPEGImages/001122.jpg 0,51,447,500,1,0.911642849445343 34,55,500,443,0,0.5535295605659485
D:\test_sotu\keras-yolo3/VOCdevkit/VOC2007/JPEGImages/001136.jpg 290,162,476,329,1,0.7370310425758362 0,92,210,245,1,0.943071186542511 68,142,265,369,1,0.9489290714263916 384,114,586,282,1,0.9853271842002869
D:\test_sotu\keras-yolo3/VOCdevkit/VOC2007/JPEGImages/001143.jpg 283,361,457,854,1,0.31307074427604675
D:\test_sotu\keras-yolo3/VOCdevkit/VOC2007/JPEGImages/001151.jpg 190,44,631,511,1,0.9973634481430054
D:\test_sotu\keras-yolo3/VOCdevkit/VOC2007/JPEGImages/001156.jpg 232,37,429,597,1,0.9510055780410767 443,0,663,594,1,0.9749128818511963 38,126,227,602,1,0.985160231590271
D:\test_sotu\keras-yolo3/VOCdevkit/VOC2007/JPEGImages/001190.jpg 292,106,955,800,1,0.6445095539093018
D:\test_sotu\keras-yolo3/VOCdevkit/VOC2007/JPEGImages/001199.jpg 50,82,240,540,1,0.5970818996429443 425,40,719,480,1,0.8258273601531982
D:\test_sotu\keras-yolo3/VOCdevkit/VOC2007/JPEGImages/001200.jpg 155,28,356,665,1,0.9939142465591431
D:\test_sotu\keras-yolo3/VOCdevkit/VOC2007/JPEGImages/001212.jpg 232,92,1197,794,1,0.9894528985023499
D:\test_sotu\keras-yolo3/VOCdevkit/VOC2007/JPEGImages/001244.jpg 331,273,938,874,1,0.8367688655853271 635,447,1134,910,1,0.9471571445465088 0,51,500,926,0,0.8988651633262634
D:\test_sotu\keras-yolo3/VOCdevkit/VOC2007/JPEGImages/001255.jpg 360,659,662,982,1,0.843255877494812 11,368,329,619,1,0.9266629219055176 678,359,985,635,1,0.9661123156547546 338,0,613,342,0,0.585375189781189
D:\test_sotu\keras-yolo3/VOCdevkit/VOC2007/JPEGImages/001261.jpg 138,211,1849,1443,1,0.9969626665115356
D:\test_sotu\keras-yolo3/VOCdevkit/VOC2007/JPEGImages/001262.jpg 20,156,677,479,0,0.8854750394821167
D:\test_sotu\keras-yolo3/VOCdevkit/VOC2007/JPEGImages/001264.jpg 234,93,465,384,1,0.7820385694503784
D:\test_sotu\keras-yolo3/VOCdevkit/VOC2007/JPEGImages/001286.jpg 197,304,550,877,1,0.3099876940250397 180,307,489,885,0,0.7594653367996216
D:\test_sotu\keras-yolo3/VOCdevkit/VOC2007/JPEGImages/001296.jpg 134,57,835,628,1,0.998397171497345
D:\test_sotu\keras-yolo3/VOCdevkit/VOC2007/JPEGImages/001297.jpg 621,34,730,683,0,0.7337551712989807
D:\test_sotu\keras-yolo3/VOCdevkit/VOC2007/JPEGImages/001308.jpg 19,76,297,271,1,0.9999715089797974
D:\test_sotu\keras-yolo3/VOCdevkit/VOC2007/JPEGImages/001309.jpg 54,125,914,485,1,0.9970753192901611
D:\test_sotu\keras-yolo3/VOCdevkit/VOC2007/JPEGImages/001311.jpg 220,111,530,795,1,0.983936071395874
D:\test_sotu\keras-yolo3/VOCdevkit/VOC2007/JPEGImages/001318.jpg 51,313,1022,585,1,0.8088566660881042
D:\test_sotu\keras-yolo3/VOCdevkit/VOC2007/JPEGImages/001319.jpg
D:\test_sotu\keras-yolo3/VOCdevkit/VOC2007/JPEGImages/001325.jpg 104,34,597,479,1,0.9997323155403137
D:\test_sotu\keras-yolo3/VOCdevkit/VOC2007/JPEGImages/001341.jpg 85,10,243,293,1,0.9594196081161499
D:\test_sotu\keras-yolo3/VOCdevkit/VOC2007/JPEGImages/001347.jpg 40,105,781,672,0,0.9879074096679688
D:\test_sotu\keras-yolo3/VOCdevkit/VOC2007/JPEGImages/001362.jpg 119,231,1076,650,1,0.9996236562728882
D:\test_sotu\keras-yolo3/VOCdevkit/VOC2007/JPEGImages/001382.jpg
D:\test_sotu\keras-yolo3/VOCdevkit/VOC2007/JPEGImages/001387.jpg 133,135,1033,807,1,0.9997849464416504
D:\test_sotu\keras-yolo3/VOCdevkit/VOC2007/JPEGImages/001428.jpg 0,28,280,135,1,0.9852831363677979
D:\test_sotu\keras-yolo3/VOCdevkit/VOC2007/JPEGImages/001433.jpg 67,215,728,580,1,0.9725586175918579
D:\test_sotu\keras-yolo3/VOCdevkit/VOC2007/JPEGImages/001434.jpg 115,186,828,624,1,0.9971504211425781
D:\test_sotu\keras-yolo3/VOCdevkit/VOC2007/JPEGImages/001436.jpg 31,137,594,398,1,0.9957999587059021
D:\test_sotu\keras-yolo3/VOCdevkit/VOC2007/JPEGImages/001450.jpg 131,161,690,784,1,0.9988657832145691
D:\test_sotu\keras-yolo3/VOCdevkit/VOC2007/JPEGImages/001451.jpg 61,84,560,422,1,0.9949727058410645
D:\test_sotu\keras-yolo3/VOCdevkit/VOC2007/JPEGImages/001458.jpg 276,29,510,768,1,0.9661647081375122
D:\test_sotu\keras-yolo3/VOCdevkit/VOC2007/JPEGImages/001462.jpg 23,48,390,153,1,0.9772369265556335
D:\test_sotu\keras-yolo3/VOCdevkit/VOC2007/JPEGImages/001464.jpg 20,101,913,845,1,0.8017603158950806
D:\test_sotu\keras-yolo3/VOCdevkit/VOC2007/JPEGImages/001465.jpg
D:\test_sotu\keras-yolo3/VOCdevkit/VOC2007/JPEGImages/001469.jpg 109,373,789,657,1,0.7801613211631775 54,135,599,403,1,0.8607036471366882 63,217,743,580,1,0.955674409866333
D:\test_sotu\keras-yolo3/VOCdevkit/VOC2007/JPEGImages/001475.jpg 75,265,327,432,1,0.561185896396637 295,227,633,455,1,0.7240763902664185 600,162,1007,520,1,0.9844257831573486 300,227,660,457,0,0.34684717655181885
D:\test_sotu\keras-yolo3/VOCdevkit/VOC2007/JPEGImages/001477.jpg 236,133,471,923,1,0.9815108776092529
D:\test_sotu\keras-yolo3/VOCdevkit/VOC2007/JPEGImages/001478.jpg 75,199,917,563,1,0.9907467365264893
D:\test_sotu\keras-yolo3/VOCdevkit/VOC2007/JPEGImages/001483.jpg 115,93,267,413,1,0.6652064919471741 317,50,489,426,1,0.6834893226623535
D:\test_sotu\keras-yolo3/VOCdevkit/VOC2007/JPEGImages/001491.jpg 168,48,749,795,1,0.9452486038208008
D:\test_sotu\keras-yolo3/VOCdevkit/VOC2007/JPEGImages/001494.jpg 0,37,850,249,1,0.9940394759178162
D:\test_sotu\keras-yolo3/VOCdevkit/VOC2007/JPEGImages/001496.jpg 345,408,722,562,1,0.8559390902519226 26,28,409,259,1,0.9389541149139404
D:\test_sotu\keras-yolo3/VOCdevkit/VOC2007/JPEGImages/001502.jpg 51,157,581,428,1,0.9927120208740234
D:\test_sotu\keras-yolo3/VOCdevkit/VOC2007/JPEGImages/001504.jpg 50,135,618,823,1,0.9993689060211182
D:\test_sotu\keras-yolo3/VOCdevkit/VOC2007/JPEGImages/001509.jpg 75,270,1000,545,1,0.9931008815765381
D:\test_sotu\keras-yolo3/VOCdevkit/VOC2007/JPEGImages/001519.jpg 109,198,732,1050,1,0.9768521785736084 137,5,780,278,0,0.30286285281181335
D:\test_sotu\keras-yolo3/VOCdevkit/VOC2007/JPEGImages/001527.jpg 52,162,502,545,1,0.614867091178894 757,100,909,518,0,0.6181820034980774 162,145,507,540,0,0.8954934477806091 347,59,667,535,0,0.9129939675331116
D:\test_sotu\keras-yolo3/VOCdevkit/VOC2007/JPEGImages/001532.jpg 0,104,778,302,1,0.9472087621688843
D:\test_sotu\keras-yolo3/VOCdevkit/VOC2007/JPEGImages/001534.jpg 0,73,750,653,1,0.9999874830245972
D:\test_sotu\keras-yolo3/VOCdevkit/VOC2007/JPEGImages/001540.jpg 43,45,726,767,1,0.9999654293060303
D:\test_sotu\keras-yolo3/VOCdevkit/VOC2007/JPEGImages/001544.jpg 82,137,373,835,1,0.9242293238639832
D:\test_sotu\keras-yolo3/VOCdevkit/VOC2007/JPEGImages/001547.jpg 3,33,730,853,1,0.8295096158981323 623,0,1279,678,1,0.9693130850791931
D:\test_sotu\keras-yolo3/VOCdevkit/VOC2007/JPEGImages/001552.jpg 104,124,917,671,1,0.9546038508415222
D:\test_sotu\keras-yolo3/VOCdevkit/VOC2007/JPEGImages/001555.jpg 5,139,1024,652,1,0.9998970031738281
D:\test_sotu\keras-yolo3/VOCdevkit/VOC2007/JPEGImages/001562.jpg 160,60,586,361,1,0.4728742241859436
D:\test_sotu\keras-yolo3/VOCdevkit/VOC2007/JPEGImages/001577.jpg 726,21,945,504,1,0.8861773014068604 405,94,722,545,1,0.9029098153114319 61,252,635,623,1,0.985088050365448
D:\test_sotu\keras-yolo3/VOCdevkit/VOC2007/JPEGImages/001579.jpg 59,20,685,287,1,0.9939715266227722
D:\test_sotu\keras-yolo3/VOCdevkit/VOC2007/JPEGImages/001583.jpg 126,5,630,1200,1,0.9990851879119873
D:\test_sotu\keras-yolo3/VOCdevkit/VOC2007/JPEGImages/001588.jpg 91,43,799,665,1,0.9921295046806335
D:\test_sotu\keras-yolo3/VOCdevkit/VOC2007/JPEGImages/001591.jpg 53,165,601,330,1,0.9733502268791199
D:\test_sotu\keras-yolo3/VOCdevkit/VOC2007/JPEGImages/001598.jpg 0,88,541,381,0,0.8238477110862732
D:\test_sotu\keras-yolo3/VOCdevkit/VOC2007/JPEGImages/001613.jpg 7,129,624,383,0,0.41893962025642395
D:\test_sotu\keras-yolo3/VOCdevkit/VOC2007/JPEGImages/001616.jpg 112,239,650,977,1,0.9703159928321838
D:\test_sotu\keras-yolo3/VOCdevkit/VOC2007/JPEGImages/001624.jpg 8,24,983,796,1,0.9968580007553101
D:\test_sotu\keras-yolo3/VOCdevkit/VOC2007/JPEGImages/001627.jpg 153,167,672,1047,1,0.9989226460456848
D:\test_sotu\keras-yolo3/VOCdevkit/VOC2007/JPEGImages/001635.jpg 14,0,748,495,1,0.9938730001449585
D:\test_sotu\keras-yolo3/VOCdevkit/VOC2007/JPEGImages/001645.jpg 0,248,690,560,1,0.9454216361045837
D:\test_sotu\keras-yolo3/VOCdevkit/VOC2007/JPEGImages/001654.jpg 130,42,270,358,1,0.9958970546722412
D:\test_sotu\keras-yolo3/VOCdevkit/VOC2007/JPEGImages/001659.jpg 435,135,882,551,1,0.98152756690979 136,131,595,554,1,0.9960622787475586
D:\test_sotu\keras-yolo3/VOCdevkit/VOC2007/JPEGImages/001680.jpg 300,137,512,643,1,0.9272282719612122
D:\test_sotu\keras-yolo3/VOCdevkit/VOC2007/JPEGImages/001709.jpg 639,17,1160,425,2,0.8552834391593933 1023,349,1728,914,2,0.9620368480682373 125,324,881,999,2,0.9952539801597595
D:\test_sotu\keras-yolo3/VOCdevkit/VOC2007/JPEGImages/001712.jpg 28,41,463,378,2,0.9999983310699463
D:\test_sotu\keras-yolo3/VOCdevkit/VOC2007/JPEGImages/001721.jpg 44,170,582,408,2,0.3137125074863434 7,11,572,253,2,0.9946424961090088
D:\test_sotu\keras-yolo3/VOCdevkit/VOC2007/JPEGImages/001722.jpg 573,844,1041,1173,2,0.845844566822052 596,582,1033,892,2,0.8720720410346985 590,38,1024,341,2,0.8847551345825195 998,31,1483,329,2,0.8904576301574707 581,308,1030,609,2,0.9059656262397766 979,301,1503,593,2,0.9141716957092285 1000,575,1491,862,2,0.9219877123832703 182,46,640,344,2,0.9260985851287842 170,852,630,1169,2,0.9394603371620178 169,315,640,606,2,0.9459542036056519 184,584,635,875,2,0.9580393433570862 991,842,1541,1156,2,0.9862030148506165
D:\test_sotu\keras-yolo3/VOCdevkit/VOC2007/JPEGImages/001726.jpg 8,35,212,188,2,0.9984033703804016
D:\test_sotu\keras-yolo3/VOCdevkit/VOC2007/JPEGImages/001759.jpg 117,42,692,775,2,0.999951958656311
D:\test_sotu\keras-yolo3/VOCdevkit/VOC2007/JPEGImages/001762.jpg 85,17,878,645,2,0.9997804760932922
D:\test_sotu\keras-yolo3/VOCdevkit/VOC2007/JPEGImages/001765.jpg 0,54,310,253,2,0.9999843835830688
D:\test_sotu\keras-yolo3/VOCdevkit/VOC2007/JPEGImages/001770.jpg 69,90,514,372,2,0.9996804594993591
D:\test_sotu\keras-yolo3/VOCdevkit/VOC2007/JPEGImages/001774.jpg 458,216,1634,1581,2,0.9998595714569092
D:\test_sotu\keras-yolo3/VOCdevkit/VOC2007/JPEGImages/001777.jpg 899,124,1532,1068,2,0.9874386191368103 405,118,926,1104,2,0.9885820150375366
D:\test_sotu\keras-yolo3/VOCdevkit/VOC2007/JPEGImages/001782.jpg 125,251,899,631,2,0.9991495013237
D:\test_sotu\keras-yolo3/VOCdevkit/VOC2007/JPEGImages/001785.jpg 0,115,794,491,2,0.9741234183311462
D:\test_sotu\keras-yolo3/VOCdevkit/VOC2007/JPEGImages/001788.jpg 400,8,495,108,2,0.40835803747177124 71,17,253,102,2,0.4200415313243866 2,40,283,235,2,0.5464597940444946 106,78,474,265,2,0.9905474781990051
D:\test_sotu\keras-yolo3/VOCdevkit/VOC2007/JPEGImages/001789.jpg 10,91,548,341,2,0.9788546562194824
D:\test_sotu\keras-yolo3/VOCdevkit/VOC2007/JPEGImages/001794.jpg 0,116,500,363,2,0.9944755434989929
D:\test_sotu\keras-yolo3/VOCdevkit/VOC2007/JPEGImages/001807.jpg 53,40,541,445,2,0.9999383687973022
D:\test_sotu\keras-yolo3/VOCdevkit/VOC2007/JPEGImages/001810.jpg 19,216,782,579,2,0.999862790107727
D:\test_sotu\keras-yolo3/VOCdevkit/VOC2007/JPEGImages/001813.jpg 141,109,624,676,2,0.9987421631813049
D:\test_sotu\keras-yolo3/VOCdevkit/VOC2007/JPEGImages/001815.jpg 59,24,531,417,2,0.9998300075531006
D:\test_sotu\keras-yolo3/VOCdevkit/VOC2007/JPEGImages/001816.jpg 147,109,548,446,2,0.9991671442985535
D:\test_sotu\keras-yolo3/VOCdevkit/VOC2007/JPEGImages/001822.jpg 9,21,296,217,2,0.999776303768158
D:\test_sotu\keras-yolo3/VOCdevkit/VOC2007/JPEGImages/001823.jpg 247,163,393,314,2,0.9790849685668945 7,52,267,296,2,0.9991312623023987
D:\test_sotu\keras-yolo3/VOCdevkit/VOC2007/JPEGImages/001824.jpg
D:\test_sotu\keras-yolo3/VOCdevkit/VOC2007/JPEGImages/001834.jpg 124,14,319,201,2,0.998896598815918
D:\test_sotu\keras-yolo3/VOCdevkit/VOC2007/JPEGImages/001837.jpg 24,13,480,330,2,0.9993441104888916
D:\test_sotu\keras-yolo3/VOCdevkit/VOC2007/JPEGImages/001863.jpg 37,150,1202,723,2,0.9990147352218628
D:\test_sotu\keras-yolo3/VOCdevkit/VOC2007/JPEGImages/001865.jpg 196,14,734,694,2,0.999437153339386
D:\test_sotu\keras-yolo3/VOCdevkit/VOC2007/JPEGImages/001866.jpg 40,22,311,271,2,0.9999982118606567
D:\test_sotu\keras-yolo3/VOCdevkit/VOC2007/JPEGImages/001867.jpg 105,206,554,606,2,0.9999200105667114
D:\test_sotu\keras-yolo3/VOCdevkit/VOC2007/JPEGImages/001871.jpg 173,73,636,1078,2,0.9646825194358826
D:\test_sotu\keras-yolo3/VOCdevkit/VOC2007/JPEGImages/001877.jpg 32,32,428,231,2,0.9986297488212585 40,194,429,404,2,0.999209463596344
D:\test_sotu\keras-yolo3/VOCdevkit/VOC2007/JPEGImages/001881.jpg 100,0,366,367,2,0.9985468983650208
D:\test_sotu\keras-yolo3/VOCdevkit/VOC2007/JPEGImages/001884.jpg 11,391,1876,1101,2,0.9979913234710693
D:\test_sotu\keras-yolo3/VOCdevkit/VOC2007/JPEGImages/001893.jpg 40,15,737,292,2,0.6555375456809998
D:\test_sotu\keras-yolo3/VOCdevkit/VOC2007/JPEGImages/001896.jpg 69,11,532,221,2,0.9910069108009338 84,225,574,463,2,0.9969416856765747
D:\test_sotu\keras-yolo3/VOCdevkit/VOC2007/JPEGImages/001904.jpg 38,116,376,358,2,0.999969482421875
D:\test_sotu\keras-yolo3/VOCdevkit/VOC2007/JPEGImages/001935.jpg 0,180,729,633,2,0.9999934434890747
D:\test_sotu\keras-yolo3/VOCdevkit/VOC2007/JPEGImages/001941.jpg 2,51,372,283,2,0.9996339082717896
D:\test_sotu\keras-yolo3/VOCdevkit/VOC2007/JPEGImages/001964.jpg 19,34,672,437,2,0.9999644756317139
D:\test_sotu\keras-yolo3/VOCdevkit/VOC2007/JPEGImages/001965.jpg 30,240,772,586,2,0.9960325956344604
D:\test_sotu\keras-yolo3/VOCdevkit/VOC2007/JPEGImages/001968.jpg 275,240,487,444,2,0.7868151664733887 71,48,304,246,2,0.7994753122329712 287,41,490,264,2,0.9642457962036133
D:\test_sotu\keras-yolo3/VOCdevkit/VOC2007/JPEGImages/001970.jpg 41,89,459,344,2,0.9969012141227722
D:\test_sotu\keras-yolo3/VOCdevkit/VOC2007/JPEGImages/001974.jpg 74,34,332,283,2,0.9999843835830688
D:\test_sotu\keras-yolo3/VOCdevkit/VOC2007/JPEGImages/001985.jpg 29,39,677,393,2,0.9972953200340271 0,71,106,146,0,0.32390645146369934
D:\test_sotu\keras-yolo3/VOCdevkit/VOC2007/JPEGImages/002001.jpg 1,40,706,500,2,0.9920351505279541
D:\test_sotu\keras-yolo3/VOCdevkit/VOC2007/JPEGImages/002002.jpg 107,53,380,344,2,0.9994667768478394
D:\test_sotu\keras-yolo3/VOCdevkit/VOC2007/JPEGImages/002026.jpg 80,152,673,619,2,0.999570906162262
D:\test_sotu\keras-yolo3/VOCdevkit/VOC2007/JPEGImages/002033.jpg 103,214,317,672,2,0.9296811819076538 508,113,803,682,2,0.9924662113189697
D:\test_sotu\keras-yolo3/VOCdevkit/VOC2007/JPEGImages/002037.jpg
D:\test_sotu\keras-yolo3/VOCdevkit/VOC2007/JPEGImages/002050.jpg 224,55,585,497,2,0.9989795088768005
D:\test_sotu\keras-yolo3/VOCdevkit/VOC2007/JPEGImages/002055.jpg 0,35,396,206,2,0.9998409748077393
D:\test_sotu\keras-yolo3/VOCdevkit/VOC2007/JPEGImages/002058.jpg 57,36,172,166,2,0.8921014070510864
D:\test_sotu\keras-yolo3/VOCdevkit/VOC2007/JPEGImages/002062.jpg 83,55,719,766,2,0.9998552799224854
D:\test_sotu\keras-yolo3/VOCdevkit/VOC2007/JPEGImages/002065.jpg 56,45,914,970,2,0.9999912977218628
D:\test_sotu\keras-yolo3/VOCdevkit/VOC2007/JPEGImages/002069.jpg 196,14,734,694,2,0.999437153339386
D:\test_sotu\keras-yolo3/VOCdevkit/VOC2007/JPEGImages/002075.jpg 237,81,492,316,2,0.8857407569885254
D:\test_sotu\keras-yolo3/VOCdevkit/VOC2007/JPEGImages/002076.jpg 2,49,249,166,2,0.9982358813285828
D:\test_sotu\keras-yolo3/VOCdevkit/VOC2007/JPEGImages/002077.jpg 33,15,461,363,2,0.9999977350234985
D:\test_sotu\keras-yolo3/VOCdevkit/VOC2007/JPEGImages/002085.jpg 12,10,167,161,2,0.9956834316253662
D:\test_sotu\keras-yolo3/VOCdevkit/VOC2007/JPEGImages/002089.jpg 0,22,300,187,2,0.9999542236328125
D:\test_sotu\keras-yolo3/VOCdevkit/VOC2007/JPEGImages/002091.jpg 62,17,551,481,2,0.9999994039535522
D:\test_sotu\keras-yolo3/VOCdevkit/VOC2007/JPEGImages/002092.jpg 24,147,555,405,2,0.9981392025947571
D:\test_sotu\keras-yolo3/VOCdevkit/VOC2007/JPEGImages/002094.jpg 125,251,899,631,2,0.9991495013237
D:\test_sotu\keras-yolo3/VOCdevkit/VOC2007/JPEGImages/002095.jpg 19,11,677,301,2,0.9997815489768982
D:\test_sotu\keras-yolo3/VOCdevkit/VOC2007/JPEGImages/002103.jpg 175,175,629,433,2,0.99442058801651
D:\test_sotu\keras-yolo3/VOCdevkit/VOC2007/JPEGImages/002110.jpg 436,53,591,209,2,0.6869654059410095 4,84,586,327,2,0.9962778687477112
D:\test_sotu\keras-yolo3/VOCdevkit/VOC2007/JPEGImages/002113.jpg 63,56,315,358,2,0.9999749660491943
D:\test_sotu\keras-yolo3/VOCdevkit/VOC2007/JPEGImages/002122.jpg 36,200,661,489,2,0.999707818031311
D:\test_sotu\keras-yolo3/VOCdevkit/VOC2007/JPEGImages/002138.jpg 43,8,459,528,2,0.9999994039535522
D:\test_sotu\keras-yolo3/VOCdevkit/VOC2007/JPEGImages/002142.jpg 339,145,895,610,2,0.9989721179008484
D:\test_sotu\keras-yolo3/VOCdevkit/VOC2007/JPEGImages/002156.jpg 129,106,528,373,2,0.9650667309761047
D:\test_sotu\keras-yolo3/VOCdevkit/VOC2007/JPEGImages/002161.jpg 19,18,289,231,2,0.9999725818634033
D:\test_sotu\keras-yolo3/VOCdevkit/VOC2007/JPEGImages/002165.jpg 133,129,758,429,2,0.9962795972824097
D:\test_sotu\keras-yolo3/VOCdevkit/VOC2007/JPEGImages/002167.jpg 316,172,500,363,2,0.9887073040008545 11,44,331,344,2,0.998810350894928
D:\test_sotu\keras-yolo3/VOCdevkit/VOC2007/JPEGImages/002170.jpg 474,399,1612,1525,2,0.9997649192810059
D:\test_sotu\keras-yolo3/VOCdevkit/VOC2007/JPEGImages/002174.jpg 605,317,1502,1232,2,0.9989339709281921
D:\test_sotu\keras-yolo3/VOCdevkit/VOC2007/JPEGImages/002177.jpg 821,528,1738,1369,2,0.992603600025177
D:\test_sotu\keras-yolo3/VOCdevkit/VOC2007/JPEGImages/002182.jpg 128,41,350,281,2,0.9996577501296997
D:\test_sotu\keras-yolo3/VOCdevkit/VOC2007/JPEGImages/002185.jpg 19,0,481,314,2,0.9998964071273804
D:\test_sotu\keras-yolo3/VOCdevkit/VOC2007/JPEGImages/002187.jpg 832,334,1274,960,2,0.5172383785247803 90,73,634,741,2,0.890680730342865
D:\test_sotu\keras-yolo3/VOCdevkit/VOC2007/JPEGImages/002193.jpg 0,51,600,322,2,0.9999130964279175
D:\test_sotu\keras-yolo3/VOCdevkit/VOC2007/JPEGImages/002195.jpg 13,110,236,223,2,0.8935086727142334 127,73,300,230,2,0.9935791492462158
D:\test_sotu\keras-yolo3/VOCdevkit/VOC2007/JPEGImages/002198.jpg 101,41,341,306,2,0.999967098236084
D:\test_sotu\keras-yolo3/VOCdevkit/VOC2007/JPEGImages/002202.jpg 8,37,192,137,2,0.9975869059562683
D:\test_sotu\keras-yolo3/VOCdevkit/VOC2007/JPEGImages/002206.jpg 29,70,572,301,2,0.9984796047210693
D:\test_sotu\keras-yolo3/VOCdevkit/VOC2007/JPEGImages/002208.jpg 115,34,551,449,2,0.9999282360076904
D:\test_sotu\keras-yolo3/VOCdevkit/VOC2007/JPEGImages/002223.jpg 61,25,362,164,2,0.9957067370414734 107,199,336,317,2,0.9976478219032288
D:\test_sotu\keras-yolo3/VOCdevkit/VOC2007/JPEGImages/002229.jpg 168,119,394,330,2,0.961105227470398
D:\test_sotu\keras-yolo3/VOCdevkit/VOC2007/JPEGImages/002247.jpg 43,27,131,135,2,0.9911137819290161
D:\test_sotu\keras-yolo3/VOCdevkit/VOC2007/JPEGImages/002249.jpg 94,70,280,333,2,0.9981738924980164
D:\test_sotu\keras-yolo3/VOCdevkit/VOC2007/JPEGImages/002255.jpg 51,19,369,348,2,0.9999954700469971
D:\test_sotu\keras-yolo3/VOCdevkit/VOC2007/JPEGImages/002258.jpg 97,104,564,332,2,0.9993584752082825
D:\test_sotu\keras-yolo3/VOCdevkit/VOC2007/JPEGImages/002260.jpg 201,96,556,468,2,0.9955313205718994
D:\test_sotu\keras-yolo3/VOCdevkit/VOC2007/JPEGImages/002262.jpg 114,23,731,564,2,0.9999357461929321
D:\test_sotu\keras-yolo3/VOCdevkit/VOC2007/JPEGImages/002263.jpg 14,7,635,285,2,0.9999169111251831
D:\test_sotu\keras-yolo3/VOCdevkit/VOC2007/JPEGImages/002268.jpg 61,20,193,182,2,0.9995585083961487
D:\test_sotu\keras-yolo3/VOCdevkit/VOC2007/JPEGImages/002270.jpg 50,60,268,261,2,0.9999042749404907
D:\test_sotu\keras-yolo3/VOCdevkit/VOC2007/JPEGImages/002273.jpg 120,232,1809,1014,2,0.9996474385261536
D:\test_sotu\keras-yolo3/VOCdevkit/VOC2007/JPEGImages/002279.jpg 34,3,209,187,2,0.9987362623214722
D:\test_sotu\keras-yolo3/VOCdevkit/VOC2007/JPEGImages/002281.jpg 21,231,306,424,2,0.9371219873428345 182,71,427,407,2,0.9427629709243774 384,141,633,418,2,0.9826722145080566
D:\test_sotu\keras-yolo3/VOCdevkit/VOC2007/JPEGImages/002282.jpg 43,33,465,261,2,0.9712404012680054
D:\test_sotu\keras-yolo3/VOCdevkit/VOC2007/JPEGImages/002291.jpg 33,88,564,423,2,0.9981937408447266
D:\test_sotu\keras-yolo3/VOCdevkit/VOC2007/JPEGImages/002303.jpg 52,23,271,287,2,0.999997615814209
D:\test_sotu\keras-yolo3/VOCdevkit/VOC2007/JPEGImages/002309.jpg 222,78,602,478,2,0.9900485873222351
D:\test_sotu\keras-yolo3/VOCdevkit/VOC2007/JPEGImages/002313.jpg 22,78,480,404,2,0.9644407629966736 10,81,442,397,1,0.4104130268096924
D:\test_sotu\keras-yolo3/VOCdevkit/VOC2007/JPEGImages/002321.jpg 119,35,300,264,2,0.9967101812362671
D:\test_sotu\keras-yolo3/VOCdevkit/VOC2007/JPEGImages/002322.jpg 39,18,258,221,2,0.999984860420227
D:\test_sotu\keras-yolo3/VOCdevkit/VOC2007/JPEGImages/002323.jpg 225,171,637,445,2,0.9956211447715759
D:\test_sotu\keras-yolo3/VOCdevkit/VOC2007/JPEGImages/002334.jpg 185,3,957,387,2,0.9793775677680969 26,321,991,716,2,0.9994364976882935
D:\test_sotu\keras-yolo3/VOCdevkit/VOC2007/JPEGImages/002339.jpg 478,0,1759,485,2,0.8235960602760315 33,339,1867,1163,2,0.9992945790290833
D:\test_sotu\keras-yolo3/VOCdevkit/VOC2007/JPEGImages/002341.jpg 208,56,381,250,2,0.9990706443786621 24,50,214,243,2,0.9994722604751587
D:\test_sotu\keras-yolo3/VOCdevkit/VOC2007/JPEGImages/002356.jpg 93,26,457,366,2,0.9993316531181335
D:\test_sotu\keras-yolo3/VOCdevkit/VOC2007/JPEGImages/002368.jpg 359,243,688,632,2,0.9771073460578918
D:\test_sotu\keras-yolo3/VOCdevkit/VOC2007/JPEGImages/002371.jpg 304,276,1698,1584,2,0.9999709129333496
D:\test_sotu\keras-yolo3/VOCdevkit/VOC2007/JPEGImages/002372.jpg 0,65,500,287,2,0.9996774792671204
D:\test_sotu\keras-yolo3/VOCdevkit/VOC2007/JPEGImages/002374.jpg 521,165,615,416,2,0.3373079001903534 238,0,477,170,2,0.8358529210090637 74,147,524,373,2,0.9732196927070618
D:\test_sotu\keras-yolo3/VOCdevkit/VOC2007/JPEGImages/002377.jpg 106,41,488,393,2,0.9996232986450195
D:\test_sotu\keras-yolo3/VOCdevkit/VOC2007/JPEGImages/002378.jpg 5,43,411,231,2,0.999830961227417
D:\test_sotu\keras-yolo3/VOCdevkit/VOC2007/JPEGImages/002385.jpg 8,52,298,278,2,0.9999992847442627
D:\test_sotu\keras-yolo3/VOCdevkit/VOC2007/JPEGImages/002391.jpg 411,213,1409,1028,2,0.9985610842704773
D:\test_sotu\keras-yolo3/VOCdevkit/VOC2007/JPEGImages/002396.jpg 0,99,458,300,2,0.9998401403427124
D:\test_sotu\keras-yolo3/VOCdevkit/VOC2007/JPEGImages/002398.jpg 118,57,304,231,2,0.9987027645111084
D:\test_sotu\keras-yolo3/VOCdevkit/VOC2007/JPEGImages/002404.jpg 579,0,1024,703,2,0.4506072402000427 398,0,781,272,2,0.7751002311706543 119,109,698,695,2,0.9990460276603699
D:\test_sotu\keras-yolo3/VOCdevkit/VOC2007/JPEGImages/002410.jpg 116,0,468,87,2,0.3134046494960785 15,161,403,498,2,0.9935208559036255
D:\test_sotu\keras-yolo3/VOCdevkit/VOC2007/JPEGImages/002412.jpg 35,84,490,297,2,0.999738872051239
D:\test_sotu\keras-yolo3/VOCdevkit/VOC2007/JPEGImages/002414.jpg 67,82,906,897,2,0.9999246597290039
D:\test_sotu\keras-yolo3/VOCdevkit/VOC2007/JPEGImages/002421.jpg 28,171,238,292,2,0.35658466815948486 137,85,344,217,2,0.7527329325675964
D:\test_sotu\keras-yolo3/VOCdevkit/VOC2007/JPEGImages/002430.jpg 52,48,268,264,2,0.9994106888771057
D:\test_sotu\keras-yolo3/VOCdevkit/VOC2007/JPEGImages/002443.jpg 35,19,129,114,2,0.5389992594718933 174,20,292,111,2,0.5427066087722778 319,23,483,101,2,0.9737139940261841 340,185,417,244,0,0.3269585371017456
D:\test_sotu\keras-yolo3/VOCdevkit/VOC2007/JPEGImages/002444.jpg 7,77,491,290,2,0.9985276460647583
D:\test_sotu\keras-yolo3/VOCdevkit/VOC2007/JPEGImages/002468.jpg 60,74,835,405,2,0.9830491542816162 42,306,889,726,2,0.9973289966583252
D:\test_sotu\keras-yolo3/VOCdevkit/VOC2007/JPEGImages/002469.jpg 0,38,384,258,2,0.9999886751174927
D:\test_sotu\keras-yolo3/VOCdevkit/VOC2007/JPEGImages/002480.jpg 436,113,853,914,2,0.705707848072052 8,108,433,906,2,0.8547478914260864 934,112,1356,978,2,0.9638789892196655 1419,115,1881,1070,2,0.9795536398887634
D:\test_sotu\keras-yolo3/VOCdevkit/VOC2007/JPEGImages/002483.jpg 117,332,719,600,2,0.9666799306869507 101,35,785,420,2,0.9721537828445435
D:\test_sotu\keras-yolo3/VOCdevkit/VOC2007/JPEGImages/002486.jpg 1,66,496,375,2,0.9914814829826355
D:\test_sotu\keras-yolo3/VOCdevkit/VOC2007/JPEGImages/002491.jpg 195,15,330,157,2,0.9807817935943604 14,139,157,299,2,0.9824115037918091 11,10,173,125,2,0.9941213726997375 181,177,342,308,2,0.9946912527084351
D:\test_sotu\keras-yolo3/VOCdevkit/VOC2007/JPEGImages/002509.jpg 71,26,225,288,2,0.9990915656089783
D:\test_sotu\keras-yolo3/VOCdevkit/VOC2007/JPEGImages/002510.jpg 11,24,201,123,2,0.9978772401809692
D:\test_sotu\keras-yolo3/VOCdevkit/VOC2007/JPEGImages/002522.jpg 251,240,630,699,2,0.9877452850341797
